0 64.6 14 1 0 2 1
1 85.8 14 1 0 0 0
1 69.4 20 1 0 2 1
1 85 18 1 0 1 1
0 73.1 18 1 0 0 0
1 75.1 18 1 0 0 1
1 80 20 1 0 0 0
1 79.1 12 1 0 0 1
0 82.2 8 1 0 1 1
1 74 12 1 0 2 1
0 55.2 18 1 0 0 1
0 71.1 18 1 0 1 1
0 71.4 16 1 0 0 0
1 71.8 14 1 0 0 1
1 72 20 1 0 1 0
1 79.8 19 1 0 0 0
1 77.5 20 1 0 0 0
1 83.1 16 1 0 0 1
0 85 15 1 0 0 1
0 73.9 12 1 0 1 1
1 76 12 1 0 0 0
0 86.1 14 1 0 0 0
1 70.3 12 1 0 1 0
0 60.7 19 1 0 0 1
1 79.3 16 1 0 1 1
1 70.8 18 1 0 0 0
1 81.6 14 1 0 1 0
1 74.3 18 1 0 1 1
0 73.4 12 1 0 0 1
1 72.4 12 1 0 0 1
1 70.6 18 1 0 1 0
1 75.2 20 1 0 0 0
1 70.9 18 1 0 0 1
1 74.5 17 1 0 1 1
1 64.2 16 1 0 0 1
0 82.6 14 1 0 0 1
0 79.4 9 1 0 0 1
0 77.6 16 1 0 2 1
1 76.1 18 1 0 1 1
1 84.8 18 1 0 1 1
1 68.9 18 1 0 2 1
0 61 12 1 0 1 1
0 73.2 10 0 0 0 0
0 72.6 18 0 0 0 0
0 61.8 16 1 0 1 1
1 83.3 15 1 0 0 0
1 72.8 16 1 0 1 1
1 73.7 16 1 0 0 0
1 80.8 18 1 0 1 0
1 74.4 12 1 0 1 1
0 77.7 13 1 0 0 0
0 81.3 14 1 0 0 0
1 86.8 17 1 0 0 1
0 65.3 12 1 0 1 1
1 73.4 20 0 0 1 1
0 55.1 18 1 0 1 1
1 68.5 16 1 0 0 1
1 76.4 12 1 0 1 1
0 76.3 16 1 0 0 0
1 71.2 19 1 0 0 1
0 86.2 17 1 0 0 0
0 75.8 16 1 0 1 0
0 72.8 14 1 1 0 0
1 82.5 12 1 0 0 1
1 71.2 16 1 0 1 1
1 77.1 18 1 0 1 1
0 70.9 16 1 0 0 0
0 69 8 1 0 1 1
1 61.4 16 0 0 0 1
1 84.4 18 0 0 0 1
0 88.6 20 1 0 0 0
0 71.8 14 1 1 0 0
1 74.8 16 1 0 1 0
0 71.9 16 1 0 1 1
1 82.2 20 1 0 0 1
1 76.4 16 0 0 0 1
1 76.4 16 1 0 1 1
1 84.7 20 1 0 0 0
0 72.4 13 1 0 0 0
0 70.3 20 1 0 1 1
1 71.2 15 1 0 2 1
0 81 12 1 0 0 0
1 70.6 16 1 0 0 0
1 87.7 12 1 0 1 1
1 73.6 16 1 0 1 1
1 86.7 14 1 0 0 1
1 78.3 14 0 0 2 0
1 78.7 14 1 0 2 1
1 76.3 16 1 0 0 0
1 63.9 13 1 0 1 1
1 77.6 16 1 0 0 1
1 70.6 17 1 0 0 0
1 74.5 18 1 0 0 0
1 70.6 16 1 0 2 1
1 77.8 8 1 0 0 0
0 79.2 18 1 0 0 1
0 85.4 16 1 0 0 1
1 79.7 16 1 0 0 1
0 66.5 18 1 0 0 1
1 62.8 18 1 0 1 0
0 78.8 18 1 0 0 1
1 83.8 8 1 0 1 1
1 71.2 16 1 0 0 1
1 73.9 12 1 0 0 1
0 69.6 12 1 0 0 1
1 76.4 14 1 0 0 0
1 73 18 1 0 0 1
0 78 18 1 0 0 0
1 83.3 20 1 0 0 1
0 71.9 16 1 0 1 1
1 68.4 18 1 0 0 1
0 73.4 16 0 0 0 0
1 75.2 16 1 0 1 1
1 82.5 18 1 0 0 1
1 75.9 6 1 0 0 1
1 72.4 13 1 0 2 1
0 85.1 7 0 0 0 0
0 80 19 1 0 0 1
1 77 16 1 0 1 0
0 61.1 18 1 0 0 1
1 78.4 18 1 0 0 1
1 72.6 18 1 0 0 0
1 77.3 18 1 0 0 0
1 77.1 14 1 0 1 1
1 73.4 20 1 0 0 1
1 71.6 20 1 0 1 1
0 78.5 12 1 0 1 1
0 73.6 12 1 0 1 0
0 74.4 16 1 0 1 0
1 73.6 18 1 0 2 1
1 72.3 17 1 0 0 1
0 72.1 18 1 0 1 0
1 62.2 18 1 0 0 1
1 72.4 14 1 0 1 1
1 86.3 15 1 0 0 1
1 57.8 20 1 0 0 1
0 75.2 18 1 0 0 1
0 78.3 13 1 0 0 0
0 73 16 1 1 0 0
1 71.7 20 1 0 1 1
1 84.8 18 1 0 0 0
1 68.1 12 1 0 1 1
1 72.3 14 0 0 1 1
1 84.7 18 1 0 1 1
0 80.3 18 1 0 1 0
0 73.9 18 0 0 1 1
0 75.3 17 1 0 0 0
0 69 16 1 0 1 1
1 72 20 1 0 1 1
1 80.6 18 1 0 0 1
1 71.4 19 1 0 1 1
0 70.8 16 1 0 0 0
1 72.8 18 1 0 0 1
0 75.3 14 1 0 1 1
0 70.9 13 0 0 0 0
0 71.5 16 1 0 1 1
1 63 18 1 0 0 1
1 71.5 16 1 0 0 0
1 77.9 13 1 0 0 1
0 70 10 1 0 0 0
1 84.4 16 1 0 0 0
1 74.9 18 1 0 0 0
1 70 18 1 0 0 0
1 70.7 17 1 0 0 0
0 83.6 18 1 0 0 1
1 79 20 1 0 0 0
0 78.4 19 0 0 1 0
0 80.1 16 1 0 0 0
0 82.9 18 1 0 0 1
1 82.7 20 1 0 1 1
0 70.7 14 1 0 1 0
1 78.2 20 1 0 0 0
1 74.2 20 1 0 1 1
0 81 20 1 0 0 1
0 70.9 14 1 0 2 1
0 73.7 8 1 0 1 1
0 77.7 18 1 0 0 0
0 72.8 12 1 0 1 1
1 80.3 16 1 0 1 0
1 85.6 20 1 0 1 1
0 65.1 16 1 0 1 1
1 77.5 18 1 0 0 0
1 72.7 14 1 0 1 1
1 84.8 18 1 0 1 0
1 67.1 16 1 0 1 1
1 79.1 20 0 0 1 1
1 79.4 16 1 0 1 1
1 71.7 14 0 0 0 0
0 74.6 16 0 0 1 1
1 79.8 14 1 0 0 1
1 85.9 16 1 0 1 1
0 78.3 12 0 0 0 1
1 77.3 20 1 0 1 1
0 78.3 17 1 0 0 0
0 62.3 16 1 0 1 1
0 80 13 1 0 0 0
1 74.3 18 1 0 1 1
1 87.1 16 1 0 2 1
1 79.2 14 1 0 1 1
1 73.2 18 1 0 0 0
1 73.7 18 1 0 0 0
0 70 16 1 0 0 0
1 85.5 17 1 0 0 1
1 86.4 7 1 0 0 1
1 76.8 20 1 0 0 1
1 72.6 16 1 0 1 0
1 74.4 12 1 0 0 1
1 67.4 20 1 0 0 1
0 69.6 13 0 0 0 0
0 75.6 16 1 0 1 0
0 66.1 16 1 0 2 1
0 78.5 12 1 0 0 0
1 67.7 16 1 0 0 1
0 80 12 1 0 1 0
0 72.5 12 1 0 1 1
0 74.5 15 1 0 1 0
0 77.1 18 1 0 1 0
0 71.4 15 1 0 2 0
0 80.7 16 1 0 0 1
1 77.8 11 0 0 1 1
1 75.8 20 1 0 1 0
1 84.6 18 1 0 0 0
1 85.9 16 1 0 0 1
1 81.5 12 1 0 0 1
1 76.9 18 1 0 0 0
1 79.6 20 1 0 0 0
1 71.4 16 1 0 0 1
0 70.8 15 1 0 1 0
0 69.2 12 1 0 2 1
1 72.9 16 1 1 0 0
1 78.8 20 1 0 1 1
1 80.4 20 1 0 0 0
0 80.9 8 1 0 0 1
0 83.1 12 1 0 0 0
1 79.2 16 1 0 0 1
0 71.1 16 1 0 0 0
1 81.1 16 1 0 0 1
0 68.9 18 1 0 0 1
0 68.4 20 1 0 0 1
0 76.5 13 1 0 0 0
1 78.5 19 1 0 0 1
0 77 12 1 0 0 1
0 82 16 1 0 1 1
0 84.5 18 1 0 0 0
1 67.4 12 1 0 2 1
1 76.2 16 1 0 0 0
1 62.8 12 1 0 0 1
0 72 15 1 0 1 0
1 83.4 18 1 0 2 1
1 62.9 18 1 0 0 1
0 73.4 12 1 0 1 0
1 73.5 17 0 0 0 1
1 80.5 15 1 0 0 1
0 65.9 13 1 0 2 1
1 83.3 15 1 0 0 1
0 64.1 20 1 0 2 1
0 73.4 13 1 0 0 0
1 84.7 12 1 0 0 1
0 71.3 15 1 0 0 0
1 72.9 16 1 1 0 0
1 76.9 12 1 0 2 1
0 76.3 18 1 0 0 0
1 80.7 20 1 0 0 1
1 76.6 14 1 0 1 0
1 66.5 18 1 0 2 1
1 79.1 10 1 0 0 1
1 69 20 1 0 1 1
1 70.1 20 1 0 2 1
1 75 14 1 0 0 1
0 80.4 20 1 0 0 1
0 83.3 14 1 0 0 1
0 77.7 16 1 0 2 0
1 79.3 16 1 0 1 0
0 80.4 16 1 0 0 0
1 81.8 16 0 0 0 1
0 79.6 12 1 0 2 1
0 74.4 12 1 0 1 1
0 84 12 1 0 0 1
0 71.1 16 1 0 0 1
1 73.6 18 1 0 1 0
1 78.4 12 1 0 0 0
0 77.5 14 1 0 1 1
0 75.5 19 1 0 0 0
1 77.3 16 1 0 1 1
1 59.9 20 1 0 0 0
1 78.8 13 1 0 2 1
1 79.5 13 1 0 1 0
1 65.6 10 1 0 1 1
0 72 16 1 0 1 1
1 70.5 15 1 0 0 1
1 74.3 16 1 0 1 1
1 62.4 18 1 0 1 1
1 85 16 1 0 1 1
0 85.5 14 1 0 0 0
0 78.1 14 1 0 1 1
1 74.1 17 1 0 0 0
1 86.7 20 1 0 1 1
1 68.4 20 1 0 1 1
1 72.6 12 1 0 1 1
1 73.3 20 1 0 0 0
1 72 20 1 0 0 0
1 73.4 19 1 0 0 0
1 81.1 12 1 0 1 1
0 78.5 6 1 1 1 0
1 78.2 18 1 0 1 1
1 77.9 16 1 0 1 0
1 70.5 16 1 0 0 0
0 73.5 20 1 0 0 0
0 77.4 20 0 0 0 0
1 72.1 18 1 0 0 1
0 78.6 13 1 0 0 0
1 73.5 12 1 0 0 1
1 62.7 12 1 0 0 1
1 86.5 14 1 0 0 1
0 62 12 1 0 0 0
0 65.7 18 1 0 1 1
0 81.8 13 1 0 0 0
0 81.2 18 1 0 1 1
0 72.1 14 1 0 0 0
0 76.2 13 1 0 0 0
0 79.9 20 1 0 0 0
1 71.8 16 1 0 0 1
0 71.6 17 1 0 1 0
1 80.6 16 1 0 1 1
1 72.1 19 1 0 1 1
0 59.8 13 1 0 0 1
1 83.2 16 1 0 0 1
1 75.5 20 1 0 0 0
1 72 16 1 0 2 1
0 69.5 13 1 0 2 1
0 73.2 15 1 0 0 0
1 63.6 13 1 0 1 1
1 73.1 12 1 0 1 1
1 78 20 1 0 0 0
1 65.4 9 0 0 1 0
0 71.6 17 1 0 1 0
1 70.2 18 1 0 0 0
0 74.1 19 1 0 0 1
0 82.4 17 1 0 0 1
0 74.4 12 1 0 0 0
1 66.3 18 1 0 1 1
0 75.5 20 1 0 0 0
1 84.8 18 1 0 0 0
1 83.1 14 1 0 0 0
0 73.8 18 1 0 0 1
0 76.4 16 1 0 0 1
0 72.7 16 1 0 0 0
0 78.3 14 1 0 1 0
1 87.2 20 1 0 1 0
1 81.4 19 1 0 0 1
1 73.5 10 1 0 1 1
0 80.4 13 1 0 0 1
1 79.1 15 1 0 0 0
1 74.3 16 1 0 0 0
1 70.6 20 1 0 0 0
0 74.2 13 1 0 0 0
1 64.8 20 1 0 0 1
0 80.4 18 1 0 0 1
1 81.1 16 1 0 1 1
0 76.6 14 1 0 0 1
0 89.6 16 1 0 0 0
0 75.6 14 1 0 0 0
1 80.2 16 0 0 0 1
0 71.5 14 1 0 0 0
1 74.1 16 1 0 0 0
1 70.8 16 1 0 1 1
1 78.1 16 1 0 1 1
1 73.1 16 1 0 0 0
0 70.4 19 1 0 0 0
0 80.4 13 1 0 0 1
1 71.8 19 1 0 0 0
0 76.6 16 1 1 0 0
0 82.3 18 1 0 0 1
1 79.4 16 1 0 1 1
1 72.4 13 1 0 1 0
1 69.8 20 1 0 2 0
0 56.2 18 1 0 0 1
1 63.1 12 1 0 0 1
0 77 15 0 0 0 0
1 87.9 18 0 0 0 1
1 72.1 20 1 0 0 0
0 77.1 18 1 0 0 1
1 65.1 20 1 0 0 0
1 61.6 20 1 0 0 1
1 81.6 16 1 0 0 1
1 80.4 16 1 0 1 1
1 72.9 14 1 0 0 0
1 87.6 15 1 0 0 0
1 65.1 18 1 0 2 1
1 83.1 17 1 0 2 1
0 64.3 13 1 0 1 1
1 76.8 16 1 0 0 0
1 74.3 16 1 0 2 1
1 72.6 18 1 0 1 0
0 64.6 12 1 0 0 1
0 74 18 1 0 0 1
0 69.1 18 0 0 1 1
0 76 18 1 0 0 1
1 84.2 16 1 0 1 0
0 76.1 16 1 0 0 0
1 76.9 20 1 0 0 0
0 77 14 1 0 0 0
1 82.5 13 1 0 1 1
0 71.8 12 1 0 2 1
1 84.5 20 1 0 1 1
0 74 10 1 0 0 0
1 73.2 18 1 0 0 0
0 62.9 16 1 0 0 1
1 77.9 17 1 0 1 1
1 75.2 16 1 0 1 1
1 67.5 10 1 0 0 1
0 77.9 17 1 0 0 0
1 70.1 12 1 0 0 1
1 86.1 16 1 0 1 1
1 70.9 16 1 0 0 0
1 64.6 14 1 0 2 1
0 75.6 16 1 0 0 1
0 67.8 16 1 0 2 1
0 76.1 16 1 1 1 0
1 82.1 20 1 0 0 1
1 73.5 16 1 0 0 1
0 84.3 16 1 0 0 0
0 80.3 18 1 0 0 0
1 79.6 18 1 0 1 1
1 80.9 16 1 0 1 1
1 70.1 16 1 0 1 0
0 72.3 13 1 0 1 0
1 76.9 16 1 0 0 1
0 72.5 18 1 0 1 0
0 70.6 18 1 0 0 0
1 78.2 16 1 0 2 1
0 81.7 13 1 0 1 1
0 75.3 14 1 0 0 1
1 69.9 17 1 0 0 0
1 72.7 16 1 0 0 0
0 70.5 16 0 0 1 1
1 81.3 18 1 0 1 1
1 75.4 10 0 0 1 1
0 73.9 12 1 0 1 1
1 63.2 17 0 0 1 0
1 64.1 18 1 0 1 1
1 76.8 12 1 0 0 1
0 85.8 16 1 0 0 1
1 85.9 18 1 1 1 1
1 80.1 12 1 0 0 1
1 70 20 1 0 1 1
1 74.5 17 1 0 0 0
1 74 14 1 0 0 0
1 78.3 12 1 0 1 1
1 79.7 18 0 0 0 1
0 76 18 1 0 1 1
1 73.2 17 1 0 2 1
1 75.1 14 1 0 0 1
1 65.6 8 1 0 2 1
1 62.4 20 1 0 0 1
0 77.2 16 1 0 1 1
0 70.7 14 1 0 1 1
1 71.1 12 1 0 0 0
0 84.4 16 1 0 1 1
1 87.3 18 1 0 1 1
0 70.1 16 1 0 1 1
0 82.6 10 1 0 0 1
0 75.8 16 1 0 1 1
1 70.6 18 1 0 1 1
0 80.2 16 1 0 0 1
0 59.7 18 1 0 0 1
1 87.7 16 1 0 0 1
1 71.8 18 1 0 1 1
1 76.4 16 1 0 1 1
1 89.3 13 1 0 0 1
1 74.7 19 1 0 1 1
0 74.8 14 1 1 0 0
0 63.6 12 1 0 1 1
0 72.4 14 1 0 1 1
1 77.1 16 1 0 2 1
1 78.8 18 1 0 1 1
0 80.5 12 1 0 0 1
1 62.9 18 1 0 0 1
1 84.3 16 1 0 0 1
1 74.4 4 1 0 1 1
1 67.4 18 1 0 2 1
1 85.9 18 1 0 0 1
0 80.2 10 1 0 0 1
1 88.3 16 1 0 0 1
0 68 15 1 0 1 1
0 73.8 10 1 0 0 0
0 71.3 14 1 0 1 1
1 85.5 20 1 0 1 1
1 72.1 20 0 0 0 1
0 76.8 10 1 0 1 1
1 65.9 16 1 0 0 1
0 89.1 20 1 1 0 1
1 56.4 16 1 0 2 1
1 82.7 16 1 0 0 1
1 82.8 20 1 0 1 0
1 80.9 16 1 0 2 1
0 70.2 16 1 0 0 0
1 68.3 18 1 0 2 1
0 70.6 18 1 0 1 1
1 70 16 1 0 0 0
1 76.6 17 1 0 1 1
1 69.9 16 1 0 0 1
0 83.4 14 1 0 0 1
1 76.1 17 1 0 1 1
1 86 14 1 0 0 1
1 74 16 1 0 2 1
1 71.8 12 1 0 1 1
1 75.8 16 1 1 0 1
1 80.2 16 1 0 1 1
1 73.1 18 1 0 0 0
0 56.5 20 1 0 0 1
1 76 18 1 0 0 0
0 74.5 16 0 0 0 1
0 75.9 15 1 0 1 1
0 84.6 17 1 0 2 1
0 86.2 16 1 0 0 1
1 74.6 14 1 0 1 1
1 69.2 18 1 0 0 1
1 63.9 17 1 0 1 1
0 87.8 14 1 0 0 1
1 76.1 7 1 0 0 0
1 73.5 18 1 0 0 1
1 79.1 12 1 0 1 1
0 61.3 16 1 0 1 1
0 79.6 18 1 0 1 1
1 79.8 16 1 0 1 1
1 79.3 20 1 0 1 1
1 85.8 20 1 0 0 0
1 79.6 16 1 0 1 1
1 84 12 1 0 1 1
1 85 12 1 0 1 0
1 81.9 11 1 0 0 1
1 74.7 16 1 0 1 1
1 54.4 20 1 0 0 1
1 88.8 11 1 0 0 1
0 82.7 12 1 1 1 1
0 82.9 11 0 0 1 1
1 80.3 19 1 0 1 1
0 81.1 12 1 0 0 0
0 78.4 18 1 0 0 1
0 86.6 13 1 0 1 1
1 72 20 1 0 0 0
0 77.3 16 1 0 2 1
0 75.8 14 1 0 1 1
1 70.7 18 1 1 0 0
1 64.4 16 1 0 2 1
1 76.4 20 1 0 1 1
0 73.9 12 1 0 0 0
1 87.3 18 1 0 1 1
1 75.7 12 1 0 2 1
1 77.4 14 1 1 0 0
0 71.4 10 1 0 0 0
1 57.7 14 1 0 0 1
1 81.8 20 1 0 0 1
0 70.8 13 1 0 0 1
0 74.3 18 1 0 0 1
1 76.8 15 1 0 1 1
0 72.2 18 1 0 1 1
0 76.7 12 1 0 0 1
1 75.6 12 1 0 0 1
1 68.7 14 1 1 1 1
0 60.1 19 1 0 1 1
1 71.6 14 0 0 1 1
1 74.6 14 1 0 2 1
0 79.8 16 1 0 0 1
1 77.5 14 1 0 0 0
0 72.4 12 1 0 2 1
0 77 14 1 0 0 0
0 65.4 18 1 0 1 1
0 78.1 18 1 0 1 1
1 77.9 19 1 0 1 1
1 72.3 20 1 0 0 1
0 68.5 10 1 0 2 1
0 84 11 1 0 0 1
1 77.5 12 1 0 2 1
0 58.4 12 1 0 2 1
1 70.8 20 1 0 2 1
1 83.3 11 1 0 1 1
0 72.9 20 1 0 0 0
1 74.4 14 1 0 1 1
1 84.5 16 1 0 0 1
1 72.8 16 1 0 0 0
0 73.4 12 1 0 2 1
0 76.8 19 1 0 1 0
1 68 16 1 0 1 1
1 63.6 12 1 0 2 1
1 79.6 20 1 0 1 1
1 64.3 16 1 0 1 1
0 76.7 19 1 0 1 0
0 74 12 0 0 1 1
1 82 16 1 0 0 1
1 76.6 16 1 0 0 1
0 80 13 1 0 0 1
0 77.4 14 1 0 0 1
1 66.3 20 1 0 2 1
1 78.6 20 1 0 0 1
1 80.9 20 1 0 1 1
1 81 17 1 0 1 0
0 70.6 14 1 0 1 1
1 71.5 18 1 0 0 0
0 57.1 14 1 0 2 1
1 82.8 15 1 0 1 1
1 72.2 15 1 0 1 1
1 85.6 14 1 0 0 1
1 72.6 18 1 0 1 1
1 79.6 16 1 0 1 1
0 75.6 12 1 0 1 1
1 65.5 16 1 0 2 1
0 67.7 14 1 0 1 1
0 81.8 12 1 0 1 1
0 69.4 12 1 0 1 1
1 71 17 1 1 0 0
1 77.3 14 1 0 1 0
0 75.1 7 0 0 0 1
0 75.8 16 1 0 0 1
1 74.5 19 1 0 0 1
0 83.3 14 1 0 1 1
1 68.9 20 1 0 1 1
1 80.3 14 1 0 0 1
0 84.7 12 1 0 0 1
1 83.3 16 1 0 0 0
0 71.5 14 1 0 2 1
0 71 16 1 0 1 1
1 70.8 20 1 0 2 1
1 79.2 14 1 0 1 1
1 87 12 1 0 0 1
0 77.4 16 1 0 1 1
0 64.9 15 1 0 2 1
1 79 19 1 0 1 1
1 83.1 16 1 0 1 1
0 77 16 1 0 1 1
0 85.3 12 1 0 0 1
0 84.3 18 1 1 1 1
1 75.6 12 1 0 0 1
1 60.3 13 1 0 1 1
1 85.2 16 1 0 0 1
0 82.9 16 1 0 1 1
1 68.4 16 1 0 0 1
1 69.6 17 1 0 0 1
0 76.1 16 0 0 0 0
1 84.2 13 1 0 0 1
1 79 16 1 0 0 1
0 72.5 16 1 1 1 1
0 59.7 14 1 0 2 1
0 79.3 12 1 0 1 1
1 84.1 16 1 0 0 1
0 56.6 15 1 0 0 1
0 80.6 14 1 0 1 1
1 79.7 16 1 0 2 1
1 70.2 10 0 0 0 1
1 69.6 12 1 0 1 1
0 82.8 20 1 0 0 1
1 82 14 1 0 1 1
1 75 16 1 0 1 1
1 75.3 16 1 0 0 1
0 82.2 16 1 0 0 1
0 73.3 14 1 0 2 1
0 82.6 13 1 0 1 1
0 69.3 14 1 0 1 1
0 78.2 16 0 0 1 1
0 63.8 7 0 0 0 1
1 74 9 1 0 1 1
1 64.3 16 0 0 1 1
1 76.8 20 0 0 0 0
1 86.2 18 1 0 1 1
0 80.2 16 1 0 0 1
0 79.1 18 1 0 2 1
0 86.3 10 1 0 0 1
0 90.9 16 1 0 0 1
1 70.8 12 1 0 0 1
1 69.3 14 0 0 1 1
1 75.8 16 1 0 2 0
1 77.8 20 0 1 0 0
0 84.7 15 0 0 0 0
1 58.7 18 1 0 0 1
0 70.7 13 1 0 0 1
0 86.9 14 1 0 0 0
1 68.6 12 1 0 1 1
0 69.1 12 1 0 2 1
0 76.9 7 1 0 1 1
0 73.3 18 1 0 1 1
1 73.7 19 1 0 2 1
1 83.2 20 1 0 1 1
1 71.4 11 1 0 0 1
1 70.9 18 1 0 2 1
1 65.6 13 1 0 1 1
0 75.2 16 1 0 0 1
1 69.9 10 1 0 1 1
1 84.6 15 1 0 1 1
0 71.1 13 1 0 0 1
0 84.5 18 1 0 0 1
1 81.9 12 1 0 1 1
1 73.6 14 1 0 0 1
1 67.1 18 1 0 1 1
1 78 18 1 0 1 1
0 71.9 16 1 0 0 1
1 81.4 20 1 0 1 0
1 71.3 16 1 0 2 1
0 80.3 12 1 0 1 1
0 79.2 15 0 0 1 0
0 72.8 16 1 0 2 1
1 83 18 1 0 0 1
0 64.5 12 0 0 2 1
0 77.8 17 1 0 1 1
0 79.2 12 1 0 0 1
1 76.4 18 1 0 0 1
0 77.9 20 1 0 0 1
1 75.6 14 1 0 1 1
0 81.5 18 1 0 0 1
1 77.4 13 1 0 1 1
0 69.7 14 1 0 2 1
1 84.3 20 1 1 0 1
0 71.4 8 1 0 1 1
1 76.6 18 1 0 1 1
0 84.9 12 0 0 1 1
1 79.8 16 1 1 0 1
0 69.5 16 1 0 0 1
1 81.4 19 1 0 1 1
0 81.2 16 1 0 0 1
1 72.9 13 1 0 1 1
1 71.5 12 1 0 1 1
1 72.7 13 1 0 0 1
0 64.4 16 1 0 0 1
1 62 16 1 0 1 1
1 83.2 12 1 0 0 1
1 78.8 16 1 0 0 0
0 69.6 14 1 0 1 1
0 82.4 20 1 0 0 0
1 58.4 13 0 0 0 1
0 75.5 16 0 1 0 1
1 77.3 17 1 0 2 1
1 83 19 1 0 0 1
0 72 18 1 0 1 1
1 74.2 17 1 0 0 1
0 74.8 16 1 0 1 1
1 78.5 16 1 0 0 1
1 71.2 6 1 0 1 1
1 76.4 20 1 0 0 1
0 83.5 12 1 0 1 1
0 67 16 1 0 2 1
0 71.1 19 0 0 0 0
1 78.9 14 1 0 0 1
0 71.3 14 1 0 0 1
0 72.5 9 1 0 0 1
0 79.8 12 1 0 0 1
0 62.6 14 1 0 0 1
1 84.3 11 1 0 0 1
1 84.9 18 1 0 1 1
0 72.7 12 1 0 0 1
0 64.8 12 1 0 1 1
0 78.9 20 1 0 2 1
1 86.3 11 1 0 1 1
0 68.3 16 1 0 2 1
1 59.9 16 1 0 1 1
0 80 18 1 0 1 1
0 77.4 12 1 0 1 1
0 79.3 8 1 0 1 1
1 76.2 16 1 0 0 1
1 77.1 16 1 0 2 1
1 79.2 10 1 0 1 1
1 76.7 16 1 0 1 1
0 74.7 8 1 0 1 1
0 74.5 14 1 0 1 0
0 75.3 13 1 0 1 1
1 79.7 14 1 0 1 1
0 69.1 16 1 0 2 1
1 69.1 12 1 0 2 1
1 83.2 20 1 0 0 1
0 71.7 12 1 1 2 1
1 61.7 12 1 0 1 1
0 76.5 11 1 0 0 1
1 64.2 15 1 0 1 1
1 71.4 16 1 0 0 1
1 84.2 13 1 0 0 1
0 79.5 13 1 0 0 1
0 82.4 20 1 1 1 1
0 71.6 12 1 0 1 1
1 64.7 13 0 0 1 1
0 71.6 18 1 0 1 1
0 58.9 16 0 0 2 1
1 70.6 18 1 0 1 1
0 69.7 12 1 0 1 1
1 73.6 4 0 0 0 1
1 84.2 10 1 0 1 1
1 75.4 20 1 0 1 1
1 82.6 16 1 0 2 1
1 87.7 8 1 0 0 1
1 64.3 16 1 0 0 1
0 69.5 12 0 0 2 1
1 85.1 12 1 0 0 1
0 55.1 18 1 0 0 1
0 77.6 16 1 0 1 1
1 77.9 12 1 0 0 1
1 69.3 20 1 0 0 1
1 65.9 15 1 0 1 1
1 74.1 17 1 0 0 1
1 59.4 16 1 0 1 1
0 81.3 16 1 0 0 1
1 69.4 19 1 0 1 1
1 83.4 18 1 0 0 1
0 83.4 12 1 0 1 1
1 82.4 12 1 0 1 1
