0.7948378	0.05240539	1.188656	1.562949	0.1032523
0.7421097	0.1811238	-0.2098993	0.645679	0.7017687
0.6912895	0.9089814	-0.600882	-0.5788441	1.212909
1.238687	0.1030406	-0.0756225	0.07220391	-0.06316994
1.156257	0.1418012	0.2083771	0.9421725	0.2929225
-1.666529	0.1387095	0.8429751	-0.3631923	1.829448
-0.2222282	1.031026	-0.09750393	0.6271003	0.497486
0.8371792	0.2023817	0.01450118	-0.1992238	0.6868774
1.535921	-0.6600773	-0.04445768	0.5191309	0.6622592
0.655518	0.2419705	-0.2931818	0.5014217	0.9202655
0.7795018	-1.627464	0.3102171	0.9053095	-0.2225642
1.666248	-0.3408907	0.5037824	0.1406424	-0.2832327
0.6943607	0.2594479	2.083277	0.1204518	0.2432948
-1.683265	0.9166921	-1.155971	0.136434	0.924422
0.7554482	1.514063	0.7679184	-0.5423674	0.2352504
-0.4313234	0.434927	-0.3620391	-0.9338958	0.7066486
-1.08765	0.475473	0.8687912	0.5833535	-0.3636032
-0.2624373	0.2167257	-0.5771039	0.8639557	1.602248
0.7894332	0.5102308	-0.02155639	1.272018	0.2408505
0.1474525	-1.381255	0.710664	0.6750376	-0.0053245
-0.4284533	1.721237	1.282802	-0.5946565	-0.008683201
1.533068	-0.6187587	-0.6987614	-0.3644441	0.01865891
-0.1047929	1.211649	-0.2721793	0.6130309	-0.611756
0.9224835	0.2906431	1.694583	-1.437087	-0.1939671
0.1502029	1.559241	1.614991	0.9352984	-0.9840306
0.7273419	1.018972	0.4991847	0.0529361	0.2442059
0.591977	-0.8314105	-1.620706	-0.5283509	-1.032034
-1.495173	-1.569386	0.9525781	-1.400707	2.620862
-0.1510765	-1.135826	1.207058	0.7799176	-0.1873318
-0.6648803	1.86774	0.878199	1.96335	-0.1293965
0.06359398	-0.4671259	0.3374011	0.3752671	0.1521583
-2.244911	-1.357702	1.959491	-0.1120148	1.868457
-0.1027241	3.005534	-1.990511	-0.6983578	1.325761
-0.1276354	1.124895	-0.3597302	-0.4405989	2.446753
0.750414	1.234039	0.6988689	-0.4325735	0.4747848
0.5212881	0.3726986	-0.09175857	0.990791	0.8625177
1.332336	-1.593655	-0.2912904	0.6947938	-0.3128594
1.213165	-0.3857969	-0.08807293	-0.02031495	0.4977477
-0.7058556	-0.321091	-0.789578	1.795712	-0.6191573
-0.4022572	0.4343954	-0.1399922	0.4219974	-0.6317328
-0.4318424	0.5884806	0.7076301	0.9165921	-0.2192142
1.471167	0.1799097	0.518626	-0.000451728	0.3942918
1.88986	-1.558762	1.076658	-0.6428225	0.2656521
1.357902	0.4890341	-0.01723374	-0.6769946	-0.04520978
0.4541937	0.5000676	0.6929847	-0.05056116	0.4496088
0.7217128	-0.3890251	-0.7515932	0.315334	-0.05812499
-1.779055	0.7420792	-0.03980703	3.340701	-3.248295
0.01497444	1.19213	0.3770642	0.4558566	-0.113128
0.4313322	-0.2017466	0.05437019	-0.05416675	1.453803
-0.3234761	1.066456	1.327744	-0.5529617	0.2744068
-0.04594404	0.8829004	0.0769941	-0.8067816	-0.3963683
1.289045	-1.537604	0.308783	-0.1730293	0.5710555
-0.4608066	-0.2440817	-1.621575	-1.504738	-0.5185344
1.215299	0.2100992	0.6508324	0.7464042	-0.2869294
-0.2417371	-0.1007075	0.03252033	1.484691	0.631523
1.203266	-0.4352561	1.184133	-0.590504	0.7695474
-1.558614	-0.1331484	1.444046	-0.5107013	2.37661
-0.582343	1.111881	0.08336892	0.391751	0.8114238
0.4966321	0.6187069	1.520096	0.1313961	-0.2799652
0.3395467	-0.5917266	0.140063	-0.3102402	1.121354
-0.4477906	-2.401393	1.759815	-0.5831036	1.085817
1.613355	-0.3086099	0.06708545	0.234052	-0.3782726
-0.6674112	0.2912508	-0.4153164	0.5514212	0.5694587
-0.7802399	-1.145415	-2.091587	0.5714025	0.9893973
-0.9543498	-2.494964	0.3673822	-0.6672043	1.267318
-1.507933	0.2231897	0.4618125	-1.492681	3.256858
1.044947	0.8776209	1.191981	0.1280158	0.07651467
0.7108911	0.3987507	-0.2422904	1.030526	0.01153991
0.6638311	2.201274	1.692712	-1.086914	0.3917727
0.6055958	0.9364442	-0.1831482	0.3266897	1.261972
0.7216332	-1.134179	-0.9908406	0.2056979	0.1668837
-0.6572019	-2.312481	0.8840171	0.2815725	0.8560337
0.9707978	1.002854	0.7975902	-1.020455	0.5404708
-0.04133983	0.5105744	0.8606668	1.244335	0.3808148
-1.856641	-0.02051512	0.8664158	0.2246579	-1.28189
-0.2974702	0.5717832	-0.4450344	0.646561	1.259057
-0.6504845	2.076068	-0.3710523	0.1878988	-1.659655
-1.154396	-0.07010349	0.05534576	1.272695	0.2775183
1.572703	0.04831821	1.211247	0.05648209	0.7323012
-0.6494212	-1.241083	0.05831925	0.902848	-0.7623319
-0.9967723	0.1566358	2.293841	-1.156559	1.277364
-1.670087	-1.756933	2.304639	-0.7056968	1.462328
0.3809516	0.6371088	0.05997792	-0.3899795	0.4770461
-0.9903279	2.44299	-0.9051583	1.8956	-1.409689
-1.928373	-1.584523	-0.2742721	0.9619994	-0.1174797
-1.355571	-0.6859061	0.8737849	-0.5546346	-0.516848
0.568158	1.083789	-0.2334981	0.02734549	0.1773666
-0.4621982	-1.15083	-0.7987565	0.6442883	-0.03059395
0.5047815	0.4022923	1.169071	0.02009095	0.00339936
-1.047309	-0.05507929	1.600835	0.6953927	-1.017137
-2.460579	0.6461103	-1.748909	0.7833814	-1.779938
0.4023975	0.04200858	-0.5308091	1.252469	0.6878615
1.611603	-0.7741083	0.09455495	-0.3702064	0.3525239
1.102132	0.6669797	-0.2914277	-0.3479727	0.5908734
0.5948471	0.08257243	-1.261689	-0.4598639	1.027858
0.1202671	0.07692078	0.1344885	0.9678263	-0.4263931
-0.165802	-1.638204	1.385575	-0.1748296	-0.5362786
0.7271546	0.3126358	0.147384	0.1254799	-0.5115488
0.4370142	1.21821	1.345774	-0.05216936	1.203189
-0.5238508	0.9799545	0.9579702	0.4282506	0.1963155
0.7148935	-0.4875174	-1.445413	0.100336	-0.5136066
-0.6309408	-0.2093165	-0.2324804	0.5088501	-0.3316415
0.4867024	0.7698611	1.790597	1.10449	0.3710636
-0.7134198	0.6009922	0.4857876	0.0288426	1.069033
0.8532014	0.9516021	0.6777478	0.4394903	-0.1882299
1.094366	1.066934	0.4048188	-0.9315628	-0.04726821
0.5275222	0.5419799	-1.299483	0.9648998	0.4897542
0.6868691	-0.1822565	0.1374755	0.3919894	0.2997508
0.1544651	0.8855886	0.3151378	1.049662	0.2157504
-0.3385605	-1.683721	-0.8077873	0.647214	-0.01676453
-0.2223606	1.993108	-0.8250153	-0.5527081	0.4047871
1.291542	0.3424748	-0.4106765	0.01223461	-0.8654456
-0.9584509	-0.607184	0.8498661	0.8329646	-0.2214428
-1.367116	-0.893535	2.105245	0.6602498	-1.426633
-2.576462	0.3330364	2.208765	-1.181584	2.906895
0.6039982	-0.2059934	-0.3530688	-0.6837989	-0.8609653
1.449453	-0.7135773	0.6521339	0.1851639	-1.545448
0.5062332	1.085515	0.06616083	-0.7867826	-0.560398
-1.536467	0.5290005	-0.1463213	1.175661	-0.5141899
1.264639	0.5428285	1.514853	-1.464247	0.07709947
0.6898965	-0.2232375	-1.172379	-0.1655878	1.580875
-0.604418	0.3040262	-0.7822843	-0.9638577	2.518336
0.3322905	1.037181	-1.76351	1.244401	-0.5041216
0.0724622	-1.388615	-1.29487	-1.218579	1.261658
-0.208516	0.770393	-0.6126498	1.074821	2.093569
-2.597071	0.4895824	0.9455604	1.837085	-2.476767
0.5714684	0.09732564	-1.432775	-0.3225311	0.7473748
0.7657954	1.716707	0.4662155	-0.810763	0.653879
1.593215	0.3866177	0.1157992	-0.3389949	0.002428916
-1.305291	-0.2514982	1.758702	1.207963	-0.2023748
-0.4714279	0.855986	0.3843057	0.1684483	0.9010672
0.2309098	1.002229	0.02797166	-0.4945773	0.7553404
-2.537662	0.2326493	0.288153	-0.5054528	0.02425346
0.790132	0.8800983	1.001654	-0.3058036	0.584687
-0.3704728	-0.719729	0.04919708	0.6099597	-0.2135683
-0.2658957	0.6928085	0.2377821	0.2548758	1.024131
0.3495959	-1.405664	-0.9544431	0.3670745	-0.1115245
1.115525	0.693428	1.651126	-0.3134455	-0.2140789
1.232952	-0.2213577	0.3389256	-0.3671682	0.3819005
0.4178548	0.5256736	-0.760413	0.6189561	-0.1275834
-0.3684544	0.1347608	-0.90462	0.1277016	0.943684
0.162511	0.9394969	-0.292758	0.981344	0.2878506
0.2596973	1.317679	-0.6233058	0.05439234	0.1381256
-1.314489	-2.338813	1.544867	-2.310919	1.014367
0.5191772	0.5752829	0.7213372	0.2916499	-2.206141
1.167893	0.194129	0.1028276	0.3518366	-0.9863004
1.181473	1.513864	-0.3137415	-0.7107767	0.4241101
0.594895	-0.5911874	0.139914	1.054603	0.700944
0.7182788	1.329993	-0.1222118	-0.09381126	0.05361454
-0.6265911	-0.2498454	-1.540373	-0.6595343	0.7596081
-0.3185902	2.129256	-1.223756	-0.3197205	-0.5474739
-0.05487134	2.127278	0.4086494	-0.2730819	-0.7393626
-0.2510863	-0.5558632	2.079511	0.8296634	0.585439
0.9847797	-0.8424468	0.3411465	0.231599	0.5407498
1.790863	-0.3576323	0.8593907	0.2145968	0.1485009
-0.06931308	0.7153816	-0.3478608	0.6446802	-0.9450669
1.471174	0.8543985	1.560809	-0.9979475	0.6497468
0.3279859	1.383839	0.4814646	-0.6004752	-0.1492309
0.3706999	0.04852871	1.032645	1.005442	-0.6704738
1.183584	-0.387838	-0.1524425	0.5573065	0.1164937
-1.469066	0.7079127	-2.204695	-0.8473995	4.871466
0.1844202	1.305516	1.233928	0.3370357	-0.03195245
0.2427024	0.6686761	0.8233602	-0.6848871	0.09128943
0.7892482	0.9638107	0.9231198	-0.4162184	-0.08851562
0.8568615	-0.4501462	0.421626	-0.1858311	-0.2292275
-0.2989313	0.08369712	-2.337595	0.3796541	0.7583755
0.3350601	0.09348231	-1.734854	0.4390554	-0.8383696
0.7825834	-1.314288	1.329921	0.440201	-0.02485382
0.5747839	-0.6048169	-0.322933	0.5863229	-0.3958898
-1.324157	-0.3855431	1.30885	0.774358	-0.7104382
1.009256	0.2916101	1.025184	-0.7362801	-0.3818575
-1.512732	-0.8425025	0.1464225	0.05264996	0.8249526
-1.251671	1.097182	-0.7479801	-0.01967857	0.4460214
-0.3609555	-1.976159	1.561328	-0.6925217	-0.6338304
0.2730684	-0.2856091	0.9930848	0.6209249	0.6617103
0.3981362	-0.378199	1.544059	0.679923	-0.7202528
0.9201124	-0.37361	0.857947	-0.2490131	-0.5300797
0.6956581	-0.3449792	-0.02432344	-0.3897913	-0.2175059
-2.617478	0.5432427	-1.590348	0.2720864	-1.239165
-1.147197	-2.345611	-0.1065086	-1.602586	1.643581
1.414313	-0.5685798	1.304431	-0.8484279	0.5615201
-0.516085	0.302259	0.5964647	2.73442	0.2480883
0.06848548	1.22834	0.8198295	0.01961445	0.3923679
-0.2876786	0.6569417	0.8024948	0.7705698	0.9811306
-0.2601078	0.3933061	-1.765747	0.7046344	0.1179181
1.186545	0.4223896	0.845574	-0.5173278	-1.081332
0.788827	0.6132255	-0.6566941	1.18271	0.9227809
0.8454102	0.42242	0.4181781	-0.7181087	0.819271
0.7643098	-0.07171434	0.2991231	-0.5710398	0.2808306
0.3838387	0.5925307	-0.5543307	-0.1989277	0.9552308
-1.179957	-0.641348	-0.3711895	0.4481014	-0.1383283
1.079146	-0.9258537	-0.6117066	-0.1678232	-0.03229422
-1.656427	0.3933843	1.270041	-1.964597	-3.488403
-0.1349812	-2.095461	0.7485233	-0.03001873	0.4817026
-0.1601498	2.48987	0.5885471	-0.7644414	-1.185169
0.9009364	-0.5573244	1.21174	-0.6893915	0.5078016
0.5291675	1.5859	-0.6171053	0.603749	0.9861124
-0.4680866	-0.2844292	-1.082326	-0.7131565	-0.3260349
-0.05391681	-0.3747356	-0.7059739	-0.8757916	1.892302
-0.03983989	-0.02638534	0.3626142	1.666638	0.1565658
-1.40546	1.160647	-0.9778463	0.9421749	0.9879995
0.5471703	-1.695229	1.366712	1.495691	-0.6370529
-1.462762	0.7180681	-1.487014	0.7089959	0.5356512
-2.30171	-1.003448	0.8020291	0.7497207	0.9376862
-0.693704	0.2567587	-0.3802881	-0.2084441	-2.347981
0.09971337	0.2213635	-0.6103205	0.7083862	0.6427886
-0.9879591	-1.055303	2.608617	1.778345	-1.169718
-0.2948258	2.138808	-1.56734	-0.3132595	0.892917
1.599891	-0.1881494	1.495596	-0.2825367	0.2036349
-0.2921638	1.908285	0.5764383	0.680496	0.127214
0.9355117	0.9680733	0.8819301	0.4614216	-0.6813265
0.432737	-1.720896	1.688385	0.6866543	-0.5896074
-0.2258677	-0.1692307	-0.7948929	-1.614526	0.741935
0.3731464	-1.027176	1.340227	0.3560398	0.5426241
1.122766	0.6189876	0.6009757	-0.9599357	-0.2732768
0.4398205	-1.448774	1.195484	0.1370035	-0.9422173
1.067638	-0.9431595	1.188262	0.5770338	-0.3884752
0.9625324	0.7321785	0.9454853	-0.8553766	0.6706284
1.340001	0.161345	1.385822	-1.199673	-1.113361
-0.5972073	-1.782009	1.115498	-0.3795143	0.0004093352
-2.186052	-0.6274659	-0.951323	1.107061	0.444433
-0.003371963	0.564724	-0.472805	-0.2203756	1.186551
-0.1490858	1.250801	-1.314026	-0.9660278	1.006232
0.1956129	0.6136429	1.548976	2.310277	0.5812013
0.7976429	0.5342654	1.275489	-0.3194657	0.6694121
-1.497288	-0.6674734	0.6723128	-1.823067	2.0777
-0.5127487	0.9651305	0.3516381	0.07405126	0.06034807
1.370062	0.06208537	0.5863352	0.3890932	0.1933226
-0.9174448	-1.273407	0.9787392	-0.2192126	1.199637
0.2978822	0.7166763	-1.148163	-0.1486471	0.3149132
0.8071676	-0.4517335	0.2972866	-0.06972634	0.5684302
0.0571912	0.6286474	-0.09355404	0.3476082	-0.7221865
0.7680271	0.7166813	0.3955841	1.615748	0.0719036
0.3584552	0.4992676	-0.7626332	0.5374582	-0.4995791
-0.6792935	0.6496297	-2.484792	-0.2022676	1.927955
0.5480332	-0.05051624	-0.327521	-1.116913	0.6727539
-1.910304	-0.9199212	0.7302622	-0.591227	1.71505
1.442486	-0.04636764	0.3290009	-0.1810554	0.4212961
-1.009905	-1.629416	0.935863	0.6498183	-0.1488427
1.137014	0.1350975	0.4942455	0.119583	0.6140465
0.5046805	0.8160985	-0.930404	0.5730327	0.7461897
0.7217893	-1.448376	-0.08146104	0.6505915	-1.181552
0.2018407	-0.2281396	-1.492082	-1.386285	-0.6379935
1.308457	-0.009811661	0.5796806	-0.2887982	0.08405448
0.646317	-0.2693845	-0.5643586	-1.408639	0.247547
0.1497549	0.7967847	-0.9463674	0.3608174	1.536482
-0.5235414	1.066327	-0.8543341	0.02972033	0.8569621
1.40072	0.1182327	-0.6107278	-0.615805	0.02259993
-1.10285	-0.0460162	-1.488942	0.7565899	-0.1600045
0.5909025	2.036375	1.474957	0.4225802	1.494912
1.067333	0.3838346	0.4125038	0.9467263	-0.03145716
-1.124361	-1.861405	0.981516	0.4352091	0.7376687
0.277953	-0.7225104	0.5090378	1.830866	-0.5964049
1.074666	-1.060095	0.9570209	0.1926553	0.2675657
-0.2766344	0.8216004	-0.5365513	0.4462334	-0.04069771
1.225815	-0.5746047	0.1755353	0.9386198	-0.05870484
1.278913	0.9635529	0.3819903	-0.3927187	0.4010125
-0.327665	-1.535653	-0.1758404	1.005158	-0.6299746
1.232145	0.2283384	0.863248	0.4455446	-0.3066149
-0.2398784	2.104617	0.8116479	0.2318133	-0.01816115
-1.745471	-1.446244	1.135697	-0.1538579	0.1891648
-0.6556725	0.1250526	0.3105856	0.6529698	0.2030199
-2.720076	-0.5065444	2.70541	0.9352495	0.7561325
-2.206894	0.2956838	0.7674088	0.4547329	1.381126
0.2314593	0.8552752	1.239438	-0.7529982	1.500288
0.5627143	1.305848	0.6911887	-0.7049853	-0.3874456
-1.381536	0.4366626	-0.2693322	-0.1730241	0.6563747
-0.1098466	0.1662009	-0.2721017	-0.7169441	1.049974
-2.200025	-0.3445577	2.020862	0.02379123	0.004258036
1.542717	-1.262063	-0.3615002	0.1090601	-0.8933873
0.5535332	-0.07405229	-0.3689362	-0.8144131	0.4383391
0.6720648	1.449569	1.380129	0.05954618	0.2267804
-0.2052163	1.347578	-0.7235439	-0.6464179	0.03272834
-0.3928965	0.4336166	0.3656445	1.146637	-0.9846021
-0.2007587	-0.4866564	-0.3432974	1.121108	-1.395469
0.04931639	-0.6320612	-0.5661281	0.9687068	-0.9063953
1.058369	-0.410494	-0.4302601	-0.08315083	0.1534109
0.1069138	-1.260202	-0.8540532	-1.977456	-0.3790831
0.53178	-0.3109516	-0.1106348	0.9691831	0.9452924
-0.06774005	0.9423072	1.174514	-0.105287	0.1597505
0.6340193	1.463545	1.407773	-0.8639962	-0.1704121
0.5926566	-0.7756765	0.0470441	-0.3893578	1.035944
-0.4889542	0.6227803	0.8863419	0.9391507	-0.7287655
0.6436953	0.8647265	0.1224283	1.148793	-0.5253354
0.759908	2.55871	0.8837497	0.2321273	1.039659
0.7780303	0.1337449	-0.9440869	-1.152545	0.5982623
-0.4559758	0.9894738	-1.113924	0.1454352	0.7000756
1.124221	1.064703	0.760085	-1.097137	0.3008283
0.3319373	-0.3034914	-0.4162045	-0.1252933	-0.1864879
-0.7456546	-0.5969438	0.4209067	1.536658	0.8876793
-1.915344	-0.4421892	-0.1558416	-1.817876	1.138623
0.03405087	1.972431	0.5139745	0.4896027	-0.5600773
-1.061418	-1.141965	0.03519197	-2.477309	0.2277675
1.300723	-0.4062367	-0.129847	0.2942623	-0.6435815
0.7537566	-0.2495401	-0.4509286	1.002665	-0.1620437
-0.8632684	0.009358288	0.6208815	0.2899565	0.7356583
0.6424072	-0.4412956	-1.467968	1.343704	-1.225373
0.1550498	0.7501587	0.8369001	-0.08462501	-2.087468
-1.83827	0.165532	0.1478229	0.2413065	-0.5625433
0.6758232	0.007930905	-1.933239	-0.31792	0.6994007
-0.597012	1.906798	0.5516918	0.1385665	0.5550356
0.8721895	1.112413	-0.1117084	-0.09457172	-0.001053035
0.4096143	1.668439	-0.01290614	-0.3797873	0.6361825
1.394373	-0.9149882	-0.1931488	0.7666583	0.05404705
0.4751798	0.1098971	0.7912582	-0.1295235	0.1744946
0.9176191	0.7599457	-0.5670409	1.037804	0.1372527
-1.260745	-0.4676401	-0.4151645	-1.579297	1.398745
0.3724172	-0.1389156	1.147815	-1.180021	-0.7257206
1.208361	1.23051	-0.5078549	-0.5908754	-0.3410593
-0.1817187	1.128812	-0.1700507	2.340261	0.716842
1.27503	-0.4668839	0.37017	0.1370268	-0.04312332
0.632603	0.4826801	-0.6412464	0.5679249	0.7805701
-0.1460046	2.592679	1.420119	0.4485127	-1.023038
-1.118264	0.4493542	1.664287	0.5318853	-0.8309995
1.558968	0.8398219	1.301531	-0.825307	0.1211227
0.9925721	0.3053818	-1.306542	-0.08225471	0.3146494
0.6000994	-0.07527121	0.3224221	0.9845557	-0.7198865
0.542414	-0.0352179	-0.1615273	1.529646	-0.1702894
1.310917	0.5761539	0.5528572	-0.5336287	0.8585488
0.9926273	0.8642526	-0.9014995	0.5262045	-0.7039984
0.5253667	-0.7691315	-0.9648454	-0.2285031	-0.0744765
-1.343387	-1.407071	1.323125	-1.294534	0.8823568
1.716579	0.1349666	1.667537	-0.8302915	0.6497341
-0.2276374	-1.561688	0.2516865	-0.5570654	0.5607926
0.04440225	0.942229	0.664764	-0.3089883	0.3809201
1.158503	1.315567	0.4806905	-0.6528111	0.3295954
0.5174976	0.7586743	-1.016801	0.2421732	0.1831995
-1.711237	0.7252292	-0.5332759	2.621223	-0.7207111
-1.177668	0.737319	-2.500804	-0.355949	-0.8221261
0.1936806	-1.047382	-0.5226854	0.6218083	-0.2908888
-0.7632966	1.481333	-0.3637317	0.8537242	-1.792748
-0.2020187	2.267987	1.705371	1.715243	-1.010393
-0.1433024	1.022367	-0.08607851	-0.2119465	0.7664646
-0.6148884	0.7846062	0.4797041	-1.087042	1.565443
1.349327	0.03612807	0.5676278	0.3444766	-0.2286965
-0.3532681	-0.2301923	1.429976	0.368623	1.107869
0.3907501	1.354162	0.2033595	-0.02839038	0.2268333
0.3673296	-0.117608	0.9355657	1.117348	-0.2486904
0.8915011	-1.163848	0.3051092	-0.01119328	0.2659363
0.9367154	-0.1677732	1.235321	0.5329334	0.7350666
-1.251712	2.167613	-0.6799957	1.247065	0.7395144
0.714473	0.06173293	1.207872	-0.0959373	1.409291
-1.684179	-0.6485861	0.5117915	2.217798	-1.025383
0.1468243	0.3361454	-0.4767439	-0.09471547	-0.1494261
0.6074796	0.4995156	-1.005358	-0.246941	0.9410779
1.163188	-1.149807	-1.379573	-0.3745375	0.6341411
0.6237151	0.2312373	-0.4738446	-0.6043929	-0.2061313
1.988768	-0.4285113	1.447894	-0.5788237	-0.07358004
-0.1049712	0.06325627	-2.009372	-0.06254072	-1.374439
0.5796148	0.5741097	-1.181311	0.2321181	-0.3253488
-2.983577	0.8660495	1.144443	1.921308	-0.2005847
1.768648	-0.157552	0.06941771	0.1069604	0.2068167
-1.26764	-1.367596	-0.1142355	0.9084916	1.662256
-2.785375	-0.2317708	1.678732	0.9815491	-0.2553849
0.54709	0.04730091	0.05294821	0.7877852	-0.522733
1.093788	0.1161412	0.8671435	-0.8229529	0.01914125
0.8262057	0.7664771	-0.3070623	-1.696404	-0.5917654
0.2651684	-0.8905857	-0.7941149	-0.9862502	0.6849319
-1.642336	-0.7832867	0.05893493	-1.409006	1.171353
1.771603	-1.286837	-0.1622979	0.3835214	0.1866628
0.1748702	-0.1506749	0.06860529	0.01704691	-1.701687
0.5179364	-1.009176	-0.6215987	0.604757	0.4208253
-0.01823868	0.007626942	0.002312294	-0.580884	-0.8511823
0.6463065	2.084737	2.595583	-1.023845	0.009168364
-0.4161653	0.02576744	-0.3483901	-1.791345	3.657515
0.3414517	0.7463106	-0.6900916	0.2911089	-0.08126912
0.7073087	0.1234842	1.579744	-0.2591222	0.5362994
0.1193055	2.232001	1.45242	-0.9514896	0.8551826
0.4670298	1.225365	1.427105	0.01724051	0.3252407
0.2251964	-0.01743508	-0.5529411	0.7699329	0.5339129
0.1597168	2.164703	0.4440322	1.225248	0.2291526
-0.9625671	-1.56444	0.3488273	0.476146	0.8297848
0.6717021	0.5366761	-0.8583517	0.295329	-0.3401604
-0.2101349	-0.5645168	-0.7825593	0.5329211	-0.7952988
0.4104916	1.128084	-1.618095	-0.4810705	0.5581809
0.5547266	0.3372363	0.5312338	-0.2705536	0.6508861
-0.07394515	1.11934	0.09835122	0.7951037	-0.03148411
0.1068272	0.633669	0.384552	-0.8349016	1.057918
0.7440153	-0.3042253	0.09625208	0.2450516	0.2357262
-1.238578	-0.6883853	-2.754117	-0.5850789	0.6539423
0.2156762	0.7350565	1.738268	-0.3570092	-0.531954
-0.05963669	-0.996668	-0.6674137	1.191342	-0.8645337
0.85097	0.8778015	1.209405	0.2587945	0.3380201
0.4185469	1.987828	0.2717479	-0.8134114	0.3784556
-1.568869	-0.9748222	0.3084081	-0.2328991	0.5925723
-1.46558	-0.4442432	-0.8547375	1.193955	-0.9844937
-0.5100499	1.670145	-1.362913	0.4004075	1.457508
0.6261899	0.6973401	1.277567	0.06673508	-0.01026661
-0.4003648	2.113811	0.8595088	0.310826	-0.8001669
0.007182128	-1.051839	0.008354743	1.969406	-0.93538
0.8083089	-0.608845	-0.2950499	0.3013471	0.6874983
-1.090493	1.755229	0.0574923	2.382102	-1.351369
1.466456	0.05916425	0.6730958	-0.1284821	0.06470045
0.3357454	1.605359	0.6387659	0.68966	-0.1395205
1.518405	0.006546022	0.04150685	0.7606333	-0.07712408
0.8359165	-0.2404003	0.424265	0.2229104	-0.08781247
1.242294	0.1941628	-0.2432257	-0.02716666	0.7953991
0.954254	0.5839524	0.3336587	-0.7230337	-0.1420437
0.4786345	0.1803712	-0.8566162	0.2359158	0.8663348
0.852099	0.3686542	-0.3649426	0.9920687	0.5476821
0.03223171	0.3480315	0.7453181	1.447894	0.8989693
1.057715	-1.710798	0.6930191	0.7387751	-0.04705768
0.4826082	0.6537826	-0.1885675	0.07593375	0.5236869
0.7611199	0.7101132	0.4787015	2.315422	-0.2463196
-1.242825	-0.5097978	0.2704123	1.617824	-0.4428407
1.529532	0.2763318	1.346117	0.4795044	0.3123194
-0.6569387	0.3694606	0.2373704	0.6561556	-0.733657
-0.4198902	-0.1948479	1.020426	1.210421	-0.1498082
-0.7172123	1.734693	1.134476	1.892044	0.9438023
-1.010402	0.5707332	1.012004	0.9839075	-0.595025
-0.2945367	0.5678435	1.893286	0.2708032	1.387551
1.162862	-0.3407012	1.795075	0.3959817	0.06564574
-1.188913	1.604109	-0.6206678	1.474789	0.7501696
-0.8708452	1.376713	-1.709144	-0.4452265	-1.296686
-1.492564	-1.223208	-0.3480176	0.1455624	0.5875406
0.2891093	0.7851376	-0.8398454	0.5072703	0.862042
1.588852	-0.1893512	-0.3798749	-0.2677694	0.5534604
-0.2457677	-0.519848	-0.7426825	-0.2027867	2.475769
0.1666303	0.04447991	-0.6510803	-0.591507	-0.02761704
-0.05089225	1.291697	-0.8590127	2.632778	-0.1014412
0.8101496	0.878182	1.194262	-0.8157001	1.420186
1.195548	-0.2517004	-0.671791	1.268125	0.3791979
0.1846846	-0.6262059	0.1860174	-0.4141628	0.5456158
-0.8966362	-1.216351	0.9149002	-0.90084	-2.222142
-1.308427	1.043159	-0.778203	2.321097	-1.155415
0.694958	0.3423009	1.070124	-0.7809953	-0.1492691
0.9923997	0.2418723	1.657758	-0.3334952	0.1655528
-0.7193048	0.3373846	-0.1638231	-0.1064008	-0.7139191
0.08064362	-1.01736	1.810804	0.1268177	0.4696808
1.332693	0.6253689	1.882257	0.7619568	0.1928282
0.6015956	0.7813421	-0.6081221	-0.1499715	0.5505325
0.7685908	-0.8614491	-0.4231179	0.4884806	0.07750331
1.636721	-0.4627628	1.141261	0.4433646	-0.6163011
-0.5937597	0.9107205	-0.9760022	1.311699	-0.08549789
0.6422815	0.9263774	0.3905837	-0.5985384	0.1207056
1.543548	-0.7672579	0.7522993	-0.01368492	-0.3266526
-1.49689	0.5918453	1.478109	-0.9233653	-1.715072
0.9304136	-0.3501485	0.2337594	0.2618107	-0.07342025
0.5858756	-0.01741852	0.62339	-0.321333	-0.4366797
2.111029	-0.4143689	0.9635734	-0.1751104	-0.1930107
-0.9694233	1.970634	0.7255737	0.8836156	0.04677092
0.5434215	0.468353	-0.6504075	0.3347521	0.5346356
0.251776	-1.283466	-0.7448158	-0.8300982	-0.5153661
-1.139342	-0.2286763	-0.9082673	1.283567	-2.204377
-1.182069	-0.7451826	1.163014	-0.6785182	0.7449165
0.3400597	1.203997	-1.197035	0.3976489	0.2545789
0.07724241	-0.09604104	0.4293858	0.0741295	1.586881
0.05838959	1.486068	-0.331001	-0.1836666	-0.0457749
0.4037695	0.1344042	-0.03325936	0.6004606	0.5166959
0.2285629	-0.6367799	-0.8467888	0.3845925	-1.445927
-0.1166494	0.004859055	-0.07130636	0.4430226	0.4966881
0.3771827	-0.7138306	0.107287	1.715232	-0.1967468
-1.312742	0.7174823	1.622694	0.4604899	-0.9092331
0.1605452	0.1446839	0.5535189	-0.52408	1.731492
1.554595	0.284006	0.7290297	-1.129177	0.2608444
-0.01428478	-1.396937	1.575446	-0.9747773	-0.7604402
-0.4637604	-0.1165518	-0.8107057	-0.2621229	-0.0227123
1.195928	0.4770542	1.728021	0.2031149	0.08681585
0.6150961	-1.868361	0.5624826	-0.1411939	0.571777
-1.68556	0.845092	1.389427	-3.976656	-3.417368
0.01027792	-2.688421	0.6116455	-0.9370216	1.321485
-1.057512	0.2270235	-0.9314419	1.22952	-2.460098
-0.129096	-0.2047705	-1.101754	1.147915	-0.7701149
-0.5531089	0.8968405	0.009989828	-0.6596053	0.8016414
0.3704846	-1.096408	-0.4637283	-0.03423929	0.04141358
0.07082103	0.5069959	-0.1103887	-0.3612726	-1.232338
0.4816122	0.9913961	-0.874602	0.6927728	-1.219177
-0.2328753	1.448792	1.846091	0.8175539	-0.7657119
-2.11673	-0.2851179	0.9230698	-0.3784569	-1.794628
-2.203106	1.428979	-1.708979	-1.015667	-0.3612926
0.2019142	0.4060397	-1.208457	-0.8356717	1.661827
0.3087226	-1.824378	-1.132869	-0.05866722	0.1899518
1.456402	-0.7060376	-0.195418	-0.1212501	-0.984107
-0.9870992	-1.486344	0.7971452	0.6199842	-0.2893897
0.3083725	0.6600497	-0.8760293	0.7647275	0.08892874
-1.414341	-1.009744	-0.5909012	1.246681	-1.483383
1.275137	-0.4849167	-0.5445519	0.2492016	0.1144654
0.5403758	0.9688972	-1.327779	-0.002402271	1.25402
-2.219708	0.1596627	2.88994	0.2511805	-1.479703
0.7609909	-0.3594241	0.18124	0.8752279	-1.232375
-1.03124	0.6010912	-0.1623324	0.5061625	0.1312648
-0.1211884	-0.1843923	-1.079124	-1.475722	1.001
-1.507287	-1.657339	0.3921292	-1.324213	-1.950086
-0.2213612	-0.4363737	-1.130618	-1.280304	0.3800145
0.3692912	-0.04600266	-1.290754	0.926676	-0.09402242
-0.4730737	-0.564517	1.155313	1.447371	-1.557279
-0.5362824	0.1384714	2.001596	0.8035832	0.5392781
-1.264627	0.3240166	0.1604549	-1.094974	-1.656822
1.542031	-0.1617515	0.06958935	0.9532935	-0.4205924
-0.09260481	-1.083303	-0.3242069	-0.6283053	1.225871
-1.495842	-0.07128536	-0.1352002	-0.2281695	1.784977
-0.03206153	-0.3715287	-1.658811	0.2393171	-0.6603171
-0.446224	2.863527	0.5710227	-0.732993	0.2332063
-0.07830108	-0.9863581	-2.320887	-0.008135733	0.1567416
-0.7900896	0.09188583	-1.969407	-1.885189	2.285943
-0.2998355	-0.01745272	0.1595452	-0.03656465	-0.4826159
1.650227	0.5154874	0.7049122	-0.7086038	-0.1997552
1.143058	0.25817	-0.3603883	-0.1217309	0.9957922
-0.8724562	-0.8923135	-0.801262	-1.331761	2.250594
-0.787355	0.7651347	1.151249	1.989588	0.4858627
0.1264699	0.6556534	-1.780903	-0.3170267	-0.3654082
-0.8036103	0.09369955	-0.1766637	0.4906952	-0.5941961
-0.4928475	-0.4856547	0.1780133	-0.3423976	-1.126917
0.6456071	0.4350098	0.4468749	-0.5827995	0.3568152
-0.348029	-0.4144734	-0.8251971	-1.177935	-0.4813101
-1.799926	-0.9886131	-0.02878178	0.7346793	1.09656
-1.156306	0.0314828	-1.871643	-0.1223059	-0.921608
0.4939258	0.341509	-0.9311461	0.7035788	-0.07691639
-1.91444	-1.361176	-0.4661448	-0.3979096	-1.982535
0.2388291	1.763862	1.189708	-1.455428	-0.1598667
1.467315	-1.320019	-0.4646513	0.4202889	-0.2077195
-0.6484947	-0.2536089	0.3301832	0.2967864	1.82969
0.8648217	-0.04521712	1.360607	0.6472948	0.6535083
0.2607864	-0.8799919	-0.5791726	1.651864	0.1258909
-0.712594	-2.502115	0.8448116	-0.04897754	0.2585825
0.004626274	-0.7758316	-0.7353048	0.3039413	-0.7196656
0.2585186	1.839199	-0.5768493	-0.5985009	1.078933
-1.347009	0.3032062	-1.655761	-0.4555283	-0.1179984
-0.8088576	1.621156	0.6141536	0.1731092	1.429699
1.140357	-1.38644	-0.9045427	0.3081729	-0.8048108
0.5527047	1.763322	-0.1514436	-1.794917	0.4084568
-1.300916	-1.79153	0.5369085	-1.411159	-0.1840578
-1.558253	0.4797806	-0.807443	-2.408381	-2.345118
0.938039	0.5170116	1.441217	-1.35516	0.5302313
0.7174391	-0.6020512	-0.6610749	0.4379627	0.08155326
-2.553364	0.2894736	-0.1668074	-0.09261144	-0.4952093
-0.7155074	0.03558667	-1.083703	-0.4730695	0.9146291
-0.9122642	0.1959472	-1.356683	-0.6152467	-0.5248525
-3.580078	0.3429404	3.244084	-0.8947676	-0.3799768
-0.6030997	0.363264	-0.5800175	0.9917242	0.1025456
-1.049933	-0.5050728	-1.199596	-0.7984742	-1.367829
-0.136506	-1.823933	-1.526818	-1.857973	-0.8008036
-0.3466996	0.6186977	0.1233822	1.019575	-0.03809357
-0.2823437	1.398291	-1.694548	-1.061349	1.633177
0.8043139	0.1921216	-1.540629	0.1530685	0.384057
0.6700836	-2.057673	-0.7691335	-1.771754	0.2430505
0.9801344	-0.970128	-0.03794851	0.2573331	-0.6799397
-1.350088	-0.357054	-1.14223	-0.4892335	0.4035256
0.1513334	-0.3978413	0.7231978	0.1966509	1.564242
0.5969881	-1.50315	0.01349583	-1.749141	-2.828012
0.6939535	0.2813812	-0.4458613	0.7627789	-1.049577
0.03034462	-0.4681227	-0.3091344	-0.1052559	-0.3313801
-0.8307504	-1.245798	-1.085741	-0.3974237	0.5101375
0.7890222	-0.8206921	-0.6721247	0.3384147	0.1129519
0.1575093	2.742412	0.4976215	-0.008350239	-0.8614566
0.05109273	-0.3865367	0.6447123	0.3108926	1.223757
0.3426698	-1.119283	-0.6621779	-0.1566296	0.6608385
1.784669	-1.2198	1.183191	-0.1026044	-0.6578232
-0.1549688	-0.1887383	0.07274883	-1.801542	-2.436138
-2.110941	0.157929	-0.0653114	0.8582983	-0.9397621
-1.403673	0.6761738	0.9830349	0.610756	1.99914
0.372725	0.7504486	-0.6272208	0.3403418	-2.004663
0.2440236	0.2341642	0.2950628	0.9651859	-0.2767008
-0.940017	-1.417155	-0.3816216	0.1769176	-0.5180272
1.342523	-0.7155698	0.938088	0.8770796	-0.3847091
-0.5916249	-1.378572	-0.9113659	-0.3951295	1.17568
-1.000467	0.5583913	0.1579214	1.714431	0.8938518
1.403442	-1.457367	-1.429699	-0.4368998	0.1420654
-0.126618	-1.917077	1.186736	-0.008084945	0.5446754
-0.4528304	0.7426327	-0.5813677	-0.09430754	0.107068
0.9737062	1.045656	0.04799305	0.3626502	0.02861427
-0.1898955	-1.594241	-0.9303132	0.8338961	0.2346308
-0.08209433	-0.863356	-0.3329138	-0.1890349	0.652306
-0.8865262	-1.14514	1.490447	-1.997907	-0.5893011
0.8397581	-0.6792797	0.392953	0.3284341	-0.1946015
-0.06004252	1.477627	-0.505016	-0.4999466	0.9474609
1.097848	0.00665172	-1.290773	-0.03493176	1.223828
0.6359276	-0.97882	-0.3002737	0.687672	0.03435431
0.4115363	0.8334079	0.62021	-0.582798	0.526527
1.306259	0.2954132	-1.664081	-0.4317381	-1.081031
0.02114053	-0.05339275	-1.756051	-0.2314908	-1.733189
-2.173378	0.3651372	1.624979	-1.324397	1.307379
0.7057308	-0.2173203	0.004714099	-0.451965	-0.5099795
1.159768	-0.2909871	-0.8257046	0.3967092	-1.429718
-3.065868	1.089881	-0.1549465	-0.4998334	0.9880699
0.8443727	-0.5074002	0.257408	0.8857499	-0.9911265
-0.6695414	-2.11338	1.702051	-0.5337896	-0.5225687
0.3954037	-1.03405	-0.5719044	-0.1610382	-1.234194
1.007742	0.4596873	0.4643773	-1.441316	-0.548198
-2.034357	-0.2437151	0.7043899	-2.018691	-1.834975
-0.4315315	-0.7506694	-1.904486	0.3563572	-1.002215
0.2517315	0.2905077	-1.234674	-0.5752122	0.9010189
0.5566836	-0.5170929	-2.282137	-0.4362294	0.3294348
0.0152145	-0.3195709	1.206375	0.3020771	0.1633561
0.7070388	-0.3469892	-1.004576	-0.4037752	0.9029656
-0.8203765	1.178809	0.5874187	0.5278003	0.1247617
-0.6084063	0.01381587	-0.4708897	1.309196	-0.4026894
-1.204969	-1.290951	0.3535131	-2.178853	1.424299
0.3190797	-0.552954	-1.344543	-0.4231015	-0.02359498
0.6927728	-1.281936	1.151491	0.3633457	-1.01606
-1.457448	0.5924246	-2.314286	-0.01624015	-2.15088
-0.1257156	-1.437429	-0.3555312	-0.3131505	-0.9608279
-0.3716725	-0.5110565	-0.5680959	0.2930905	-1.634428
0.07904583	-1.513465	0.7523303	0.8566361	-1.96214
0.8826607	0.1268242	-0.8894124	-0.2792369	0.7397105
-1.387101	0.7969289	-0.3440351	-1.033112	-2.581422
-0.6920004	-0.9719393	0.1424318	0.3173118	0.8761426
0.08770301	0.1819369	0.5107351	1.434049	-0.5223422
0.2580202	-1.115998	-0.504381	-0.5494463	1.552559
1.024468	0.8148742	0.3547487	-0.6315311	-0.1426625
1.486296	-0.3981613	-0.35161	-0.1420039	0.1088687
-0.2214646	0.1358302	-1.55025	-0.4555908	0.9559874
-0.1570183	-0.3102013	0.5156526	-0.2848332	-1.122863
-1.444015	-0.3350299	1.797171	-1.89145	-2.466471
-1.321438	-0.0316312	-1.203759	0.5020532	-0.7601978
-1.890971	-0.3935682	1.571715	1.043564	1.037216
0.4340983	-2.527298	0.4180108	0.6655822	-0.7499435
-2.034458	-1.278481	-0.7321667	0.6648937	0.8514893
-0.7547776	-0.5249198	2.107417	1.624869	-0.3445025
0.3879472	-1.039991	-0.6674469	0.4071302	0.02786031
0.1826304	-1.208682	1.128823	0.9153647	-0.4165863
0.7843827	0.1275153	-0.3276797	-0.1634165	-1.18709
-1.906076	-0.2836386	-0.7229636	0.8968861	0.9697841
0.811723	0.3612917	0.1060822	-0.03690035	-1.843477
1.171764	-0.5461407	1.193133	-0.4591637	-0.2058447
0.007240009	0.8247374	-1.917057	0.2086994	1.35027
0.5716322	-0.9152978	-0.7597633	1.210889	-0.09545774
0.3986617	1.380832	-1.070804	0.8113911	1.395303
-2.156477	0.326708	1.850663	-1.398767	0.007258133
0.6571297	-0.3433249	-0.5052685	0.4770045	-1.927298
-0.5333501	0.4608486	-1.333235	0.8520408	-0.9152546
-0.04016762	-0.4250871	0.7851725	1.119202	-1.158636
-0.6444931	-1.774278	-0.3901301	-0.4972385	1.484064
0.1472989	0.4241205	1.030738	-1.423066	1.764743
0.5851832	0.1489895	-1.002148	0.3881482	-1.265587
-2.370776	-1.146016	-0.06366528	0.4495144	-0.8169589
1.507444	-0.6700147	-0.1539007	-0.7292243	0.3401741
1.602198	-1.150759	0.4874177	-0.9933728	0.9103538
-1.407724	0.6497904	-0.07656208	-0.3659624	-1.57909
-1.377949	0.2243077	-1.986347	0.3077976	0.6051303
1.389594	0.05682092	-0.4234867	-0.06115325	-0.3632199
-0.7972928	-1.193316	-0.03580364	0.5372614	-0.6246416
1.212529	-0.0917691	-0.5504999	-0.4864648	0.2857271
-0.4939474	0.1839719	1.062469	2.019143	-1.095981
-0.9930135	1.200582	-0.5995073	1.776679	-0.3973011
-0.08893232	-0.5484103	-1.459268	-0.2619124	-0.8046756
0.9014229	-1.391943	-0.3762227	0.6920356	0.6560839
-1.422217	0.2785454	0.5901374	-1.410371	1.396642
0.4485679	1.684928	1.093284	0.2912288	-0.2541278
1.18173	-1.92282	0.4320711	-0.3791376	-0.2823523
-1.523022	-0.986568	-1.138893	-0.1871468	0.6795574
0.9828342	0.3660459	-1.663408	-0.5135543	0.05682574
-0.6717422	-1.672317	-1.130641	-2.955965	0.6263775
0.9480036	-0.05110957	0.5689687	-1.57492	0.5812453
-0.2001344	-0.8686064	0.1993127	-0.3676207	-1.160511
-1.327367	1.086085	0.9342947	-0.4340085	0.8881465
0.4338034	-1.594764	-0.3846378	0.3850667	0.04693742
1.592905	-1.23291	-0.6284935	0.05601333	0.2559975
-0.07695875	-0.3986809	0.6506988	-0.2270193	0.2900209
1.213519	0.6370162	0.7479752	-0.327301	-0.292365
0.7912378	1.084762	0.303525	0.2740727	-0.06131458
0.7189466	-1.363196	0.0034891	-0.02243237	-1.185538
-0.0397879	-0.09445685	-1.834753	-1.78925	-1.543228
-0.8846519	-0.7460563	-0.7000037	0.3093043	1.743658
-0.3967872	0.3967755	1.000996	1.778841	-0.740949
1.216546	0.4918004	-0.6307575	-0.1345669	-0.5935338
-1.025294	-0.2035593	-0.8286755	2.672843	-0.697077
0.4059899	-1.924187	-0.4478714	-0.05303568	0.1625785
2.002857	-1.141803	0.4129814	-1.14301	-1.394053
-0.5019839	-0.4632525	-0.5304654	-0.8952899	-0.05651916
1.076432	1.458449	0.9894691	-0.6300839	-0.2626831
0.3360739	1.516238	-0.269943	0.5884921	-0.609256
-1.020332	0.132615	-0.842543	0.01702525	-2.313986
0.2529135	-0.2960665	-0.1647052	-0.7134594	-0.2497495
-0.4488286	-1.060738	-2.072226	0.3450764	-0.9223871
-0.4034391	0.4847312	0.8610974	2.549939	-0.9924601
-0.3362171	-0.6985648	-0.71832	0.1000445	-0.7173677
0.3520109	-1.539678	-1.319127	0.4397832	-0.6457812
0.6158446	-1.122985	-0.2545277	1.429429	-0.6665943
0.1446985	-0.7205762	0.07612043	-0.7001929	0.1828051
0.2069966	-0.2302945	0.2756087	0.9662124	-0.6643536
-0.6794916	0.08471474	1.220349	-0.573011	1.392115
0.1519501	-0.11062	-0.78402	0.6909928	-0.2479454
0.1382674	-0.1936044	0.3689616	-0.3137945	-0.3542173
-1.163385	1.322205	-0.54014	0.4753787	-2.120736
1.009965	0.4113112	0.2237257	0.300831	-0.1419968
1.079241	-0.4833489	0.06251695	-0.03784686	-0.2653453
-0.131129	1.294679	-0.2057678	0.3812552	-0.1974578
1.351399	-0.899054	0.01074742	-0.2682865	-0.64811
0.6124891	-1.533096	-0.4475605	0.727904	0.5507185
0.3035876	-0.4456726	0.6657182	1.347601	-0.7015815
-1.312253	0.568652	-1.132002	-0.07252837	0.2693571
0.08747001	0.7702103	-1.283595	0.1790452	-0.8120822
-0.1043906	1.118158	-0.1095516	-0.4707027	0.683369
-0.7559491	-0.2058783	0.9087916	-0.3026248	-0.4188645
-0.2243359	0.1410331	-0.9826742	0.07772991	1.101925
0.4217569	-1.745683	-1.159414	-0.4109729	-1.205461
-0.8806187	-1.219452	-0.9591939	0.1719349	0.9786032
-0.5321896	0.06556884	-2.259853	-0.2845274	-1.205204
0.009417858	-0.3789309	-1.077999	-1.146527	-1.995942
-0.5087832	-1.662808	-0.4030852	-0.9946791	0.8641055
-0.4103484	0.848163	-0.65752	0.4379831	0.9373106
-0.5843254	1.035455	-0.4760002	0.7174092	-0.5557935
-0.9397642	0.7832419	1.131907	-0.6970633	1.054167
-1.884802	-0.07673949	1.107103	-1.867022	-1.725934
1.201138	0.7475672	1.329795	-0.6627172	0.1783026
-0.06295981	0.170144	-0.2818249	0.4255123	0.7615266
-0.6118871	0.8276709	-0.1238691	-0.1348115	-0.001708016
-1.12876	-0.3739353	-1.84744	0.1778156	-0.7202292
1.122991	-0.9658734	0.4851499	0.1184033	0.1724999
-0.1769441	-2.995092	-1.404307	-0.161712	-1.592297
-0.09651499	-0.09203537	-0.4828312	0.06011038	0.3997455
1.8032	-0.2332236	1.202133	-0.3792024	-0.3021061
1.238478	-0.9739207	-0.4748913	0.3235687	0.1597831
-0.9649656	-0.8451843	0.4375002	-1.821158	-2.155957
-0.09596505	-1.254798	-0.6920543	-1.028707	0.5426428
0.3882972	-1.417596	-0.5052715	1.978613	-0.5145634
-0.2196089	0.02067857	-1.535967	1.805953	0.8829882
-0.08424232	-1.860742	-0.4755	-0.4153964	-1.268975
-0.3443762	-0.2547797	0.004944286	1.383171	-1.132169
0.0009855779	-0.6693427	-0.1187846	0.4531051	0.0472878
-0.9385512	0.4788343	1.258909	0.668197	-0.6091658
1.065348	-0.9663658	0.2832079	0.2755176	-0.6593347
-1.569711	-0.03233805	-1.332958	0.0893991	0.4509305
0.7189358	-1.781225	-0.2121666	0.5035968	0.5171932
-0.7583265	-0.5842201	-1.683738	-0.9050261	0.1234804
0.8937866	-1.387103	-0.9430905	0.005947128	0.5799889
0.2406679	-0.4788089	0.5101485	0.3227376	-0.0594302
0.7303953	0.1629136	-1.343262	0.4400321	1.17416
0.09968304	0.09137959	-0.2785098	1.741592	0.8123968
-1.992063	-0.5041743	0.6654591	-0.05721949	1.175322
0.4409168	1.166352	0.5767365	0.02957803	0.3455332
0.1388529	-0.5424931	-0.9712489	-2.604617	-1.522625
0.2489001	0.2718448	-1.475851	-0.2052576	1.595542
0.01080241	0.7433137	-0.4036494	0.6211679	0.3582031
0.3604266	0.3730957	0.6285429	1.843218	-0.7806703
1.235701	0.4352565	-0.9410073	-0.4364777	1.133432
0.788763	-0.2972747	-0.5142047	0.5234537	0.1066869
-0.1196039	1.674384	1.453015	-1.043124	-0.5129128
-1.299721	-0.3832627	-2.452916	-0.376902	-0.2304922
0.3721584	0.5120258	-1.66578	-0.3380089	-0.08076177
1.149364	0.08341544	-0.5939257	-0.4982241	0.07730058
-0.2396467	0.9558208	0.6746258	0.5084171	0.4483508
0.1637107	0.8925987	-1.228472	-1.37175	-0.223139
-1.437693	-1.715514	-0.05950527	-0.5287097	1.742122
-2.302137	-1.200716	2.115916	-1.917842	0.9221823
-1.360403	0.6535461	-0.7223217	-2.344149	0.2186415
0.5029728	0.5915374	-1.405386	-0.01056198	-0.3355182
-0.4448588	-1.281215	-0.5146172	1.095429	0.08518807
-0.4208958	0.2474332	-0.3085795	1.772994	0.3754361
-0.2279799	4.460227	-1.166212	-11.2328	-7.020159
-0.6481737	-0.08695971	0.1972966	-1.513732	-1.241625
1.056133	-0.4858489	0.1466282	-0.5960442	1.097385
0.243408	-0.762292	-1.264283	-0.1554701	0.4086421
-0.1961066	-1.385162	0.536984	-1.744995	-0.7719571
0.5990748	-0.1121021	-0.2710303	-0.5719218	-0.02745499
-1.735865	-0.6293028	-0.004068926	-0.06970896	0.2343689
-2.143551	0.07246928	1.647513	-3.553381	-2.559167
0.795835	-1.080894	-0.3668767	1.272964	0.03038689
0.2500528	-0.9452884	0.2098838	-0.2534049	1.592012
-0.4899588	-0.9657549	-0.5927054	0.445431	0.1262874
-1.675908	-0.5919142	1.272027	-0.408026	-0.02595795
1.283768	0.4942082	0.4224254	-1.164908	0.2299987
-2.120851	-1.341278	0.8044673	-0.2912898	-1.924542
0.2228516	0.7477122	-0.2955287	-1.079487	-0.8597492
1.162781	-0.5534962	-0.7978347	-0.01895877	-0.677184
0.5436216	-0.7877837	-0.1887054	0.3755411	-0.9069306
-0.9289835	0.6248853	-1.481919	0.5321727	-0.09149187
-0.384569	1.36657	0.05180903	0.9644612	-1.722
-1.090966	-0.7029686	-1.256285	0.1172601	-1.392359
-1.194705	-0.4986716	-1.046254	0.6518805	2.074237
0.5501188	-1.198773	-0.2381389	-0.3565035	0.3526688
1.366749	-0.5372082	-0.6653906	-0.959822	0.5136335
0.06902424	-0.1338995	0.2923609	-0.4261676	0.1868332
-0.6770647	0.3623295	-1.030752	1.141009	-1.851876
0.2134428	0.4314407	-0.6066253	0.04287603	-0.3008336
-1.489854	-1.881614	1.28547	-2.301427	0.3105359
-1.276111	-0.1162231	1.30706	1.040191	-0.6455127
1.084317	0.2360565	0.3379943	-0.6728716	-0.5430662
1.407177	0.8925571	1.548423	-1.484976	-0.01219188
0.8146474	-0.1421647	-1.956775	1.08561	-0.1309408
-0.2833217	1.718656	0.07189924	-0.1382504	-0.142841
-0.2307902	1.071378	1.236661	-2.142803	0.8321921
0.3190137	1.13664	-1.172522	-0.2662815	-1.547679
-0.6596877	0.1790023	0.1069519	-0.2685074	0.07531894
0.9116484	-0.5393489	-1.087683	0.550715	-0.3869357
0.9697524	-1.068755	0.4320615	0.1215635	-1.679653
-1.039765	-0.94158	-0.3303761	-0.1528878	-0.4183831
0.6248986	-0.2961627	-1.195254	0.6090612	-1.64831
1.62312	-1.287616	0.8901736	0.7007133	-1.490399
-0.6188961	0.06692256	-0.06245071	0.8361867	1.384588
1.301511	0.01854008	0.09780438	-0.5742712	-0.03212121
1.037826	-0.395606	0.3715804	-0.6740929	-1.669303
-0.130584	0.2019982	-0.4157286	1.586503	-0.2960126
-0.4065795	-2.252717	0.2808311	-0.8549844	-0.6078097
-1.674369	0.9141042	-1.495693	-0.4527552	0.4070596
-2.849064	-1.313241	1.642886	-0.353667	0.842091
-2.065338	1.7879	-2.27994	0.1797421	0.5018893
1.773967	-0.7387889	1.007021	-0.2379947	-0.5006491
-1.209706	1.076372	-2.49799	-1.631631	-1.439337
0.1171001	-1.138912	0.6902068	-0.8707174	-0.4438979
0.9487457	-2.648641	-0.910209	-1.546517	0.8173749
0.6709858	0.01628206	-1.149617	-1.585911	0.05856357
-1.64291	1.429334	-0.5379457	-1.041012	0.5197348
-0.8724872	0.5330883	-1.940692	-0.7171172	1.138211
-0.4608415	1.763274	-0.6735972	-0.6359481	0.1660762
-2.144304	2.066241	0.5366047	-0.4498896	2.877634
0.1634382	-0.7899027	-0.8829639	-1.334567	-0.0207437
-0.3263268	0.3876568	1.205288	1.654346	-0.04118135
-1.828928	-0.5947355	1.973455	-2.062798	-0.4679081
1.430229	-1.19056	-0.760566	-0.6844305	-1.433535
0.09078531	0.4568117	-0.2570243	0.4038896	-0.8813209
